Time	Radioactivity (ID 01) / Count rate S	Radioactivity (ID 01) / GM voltage U
t/s	S/#/s	U/V

0.00	5	500.0
1.00	14	500.0
2.00	14	500.0
3.00	13	500.0
4.00	9	500.0
5.00	16	500.0
6.00	14	500.0
7.00	8	500.0
8.00	10	500.0
9.00	10	500.0
10.00	15	500.0
11.00	12	500.0
12.00	13	500.0
13.00	9	500.0
14.00	18	500.0
15.00	16	500.0
16.00	10	500.0
17.00	13	500.0
18.00	13	500.0
19.00	16	500.0
20.00	11	500.0
21.00	13	500.0
22.00	15	500.0
23.00	17	500.0
24.00	10	500.0
25.00	10	500.0
26.00	13	500.0
27.00	20	500.0
28.00	11	500.0
29.00	13	500.0
30.00	13	500.0
31.00	17	500.0
32.00	10	500.0
33.00	18	500.0
34.00	12	500.0
35.00	9	500.0
36.00	16	500.0
37.00	17	500.0
38.00	8	500.0
39.00	16	500.0
40.00	8	500.0
41.00	11	500.0
42.00	14	500.0
43.00	6	500.0
44.00	12	500.0
45.00	14	500.0
46.00	10	500.0
47.00	22	500.0
48.00	10	500.0
49.00	7	500.0
50.00	14	500.0
51.00	19	500.0
52.00	11	500.0
53.00	18	500.0
54.00	7	500.0
55.00	12	500.0
56.00	16	500.0
57.00	13	500.0
58.00	18	500.0
59.00	10	500.0
60.00	12	500.0
61.00	10	500.0
62.00	17	500.0
63.00	15	500.0
64.00	18	500.0
65.00	20	500.0
66.00	20	500.0
67.00	16	500.0
68.00	13	500.0
69.00	8	500.0
70.00	17	500.0
71.00	15	500.0
72.00	13	500.0
73.00	12	500.0
74.00	21	500.0
75.00	20	500.0
76.00	13	500.0
77.00	9	500.0
78.00	8	500.0
79.00	16	500.0
80.00	10	500.0
81.00	12	500.0
82.00	13	500.0
83.00	10	500.0
84.00	14	500.0
85.00	10	500.0
86.00	9	500.0
87.00	15	500.0
88.00	7	500.0
89.00	14	500.0
90.00	21	500.0
91.00	16	500.0
92.00	10	500.0
93.00	12	500.0
94.00	18	500.0
95.00	17	500.0
96.00	19	500.0
97.00	9	500.0
98.00	15	500.0
99.00	9	500.0
100.00	8	500.0
101.00	17	500.0
102.00	14	500.0
103.00	12	500.0
104.00	14	500.0
105.00	10	500.0
106.00	12	500.0
107.00	8	500.0
108.00	18	500.0
109.00	22	500.0
110.00	14	500.0
111.00	12	500.0
112.00	18	500.0
113.00	18	500.0
114.00	12	500.0
115.00	13	500.0
116.00	11	500.0
117.00	15	500.0
118.00	15	500.0
119.00	13	500.0
120.00	11	500.0
121.00	10	500.0
122.00	15	500.0
123.00	13	500.0
124.00	9	500.0
125.00	14	500.0
126.00	15	500.0
127.00	10	500.0
128.00	22	500.0
129.00	11	500.0
130.00	18	500.0
131.00	13	500.0
132.00	15	500.0
133.00	14	500.0
134.00	22	500.0
135.00	10	500.0
136.00	10	500.0
137.00	16	500.0
138.00	17	500.0
139.00	20	500.0
140.00	10	500.0
141.00	14	500.0
142.00	18	500.0
143.00	13	500.0
144.00	9	500.0
145.00	8	500.0
146.00	12	500.0
147.00	16	500.0
148.00	11	500.0
149.00	14	500.0
150.00	15	500.0
151.00	12	500.0
152.00	16	500.0
153.00	17	500.0
154.00	15	500.0
155.00	20	500.0
156.00	14	500.0
157.00	4	500.0
158.00	13	500.0
159.00	10	500.0
160.00	9	500.0
161.00	12	500.0
162.00	17	500.0
163.00	18	500.0
164.00	20	500.0
165.00	12	500.0
166.00	14	500.0
167.00	15	500.0
168.00	16	500.0
169.00	18	500.0
170.00	14	500.0
171.00	19	500.0
172.00	14	500.0
173.00	10	500.0
174.00	7	500.0
175.00	16	500.0
176.00	14	500.0
177.00	17	500.0
178.00	22	500.0
179.00	16	500.0
180.00	8	500.0
181.00	19	500.0
182.00	13	500.0
183.00	12	500.0
184.00	13	500.0
185.00	13	500.0
186.00	15	500.0
187.00	20	500.0
188.00	17	500.0
189.00	14	500.0
190.00	8	500.0
191.00	12	500.0
192.00	13	500.0
193.00	7	500.0
194.00	13	500.0
195.00	13	500.0
196.00	10	500.0
197.00	10	500.0
198.00	13	500.0
199.00	15	500.0
200.00	15	500.0
201.00	14	500.0
202.00	10	500.0
203.00	12	500.0
204.00	18	500.0
205.00	7	500.0
206.00	12	500.0
207.00	12	500.0
208.00	13	500.0
209.00	10	500.0
210.00	19	500.0
211.00	15	500.0
212.00	21	500.0
213.00	10	500.0
214.00	8	500.0
215.00	11	500.0
216.00	8	500.0
217.00	16	500.0
218.00	17	500.0
219.00	12	500.0
220.00	15	500.0
221.00	21	500.0
222.00	10	500.0
223.00	13	500.0
224.00	23	500.0
225.00	16	500.0
226.00	19	500.0
227.00	14	500.0
228.00	12	500.0
229.00	20	500.0
230.00	14	500.0
231.00	18	500.0
232.00	13	500.0
233.00	11	500.0
234.00	12	500.0
235.00	15	500.0
236.00	12	500.0
237.00	10	500.0
238.00	8	500.0
239.00	16	500.0
240.00	13	500.0
241.00	6	500.0
242.00	15	500.0
243.00	17	500.0
244.00	20	500.0
245.00	12	500.0
246.00	14	500.0
247.00	10	500.0
248.00	11	500.0
249.00	13	500.0
250.00	13	500.0
251.00	17	500.0
252.00	12	500.0
253.00	13	500.0
254.00	13	500.0
255.00	21	500.0
256.00	22	500.0
257.00	9	500.0
258.00	12	500.0
259.00	14	500.0
260.00	11	500.0
261.00	17	500.0
262.00	21	500.0
263.00	7	500.0
264.00	17	500.0
265.00	13	500.0
266.00	21	500.0
267.00	11	500.0
268.00	18	500.0
269.00	10	500.0
270.00	23	500.0
271.00	13	500.0
272.00	11	500.0
273.00	20	500.0
274.00	17	500.0
275.00	7	500.0
276.00	19	500.0
277.00	16	500.0
278.00	16	500.0
279.00	14	500.0
280.00	13	500.0
281.00	22	500.0
282.00	9	500.0
283.00	10	500.0
284.00	14	500.0
285.00	10	500.0
286.00	14	500.0
287.00	13	500.0
288.00	12	500.0
289.00	7	500.0
290.00	13	500.0
291.00	18	500.0
292.00	15	500.0
293.00	14	500.0
294.00	10	500.0
295.00	12	500.0
296.00	18	500.0
297.00	13	500.0
298.00	14	500.0
299.00	9	500.0
300.00	9	500.0
301.00	12	500.0
302.00	8	500.0
303.00	15	500.0
304.00	13	500.0
305.00	11	500.0
306.00	6	500.0
307.00	19	500.0
308.00	11	500.0
309.00	15	500.0
310.00	12	500.0
311.00	22	500.0
312.00	9	500.0
313.00	12	500.0
314.00	8	500.0
315.00	9	500.0
316.00	12	500.0
317.00	6	500.0
318.00	13	500.0
319.00	17	500.0
320.00	15	500.0
321.00	17	500.0
322.00	16	500.0
323.00	12	500.0
324.00	14	500.0
325.00	18	500.0
326.00	12	500.0
327.00	12	500.0
328.00	13	500.0
329.00	10	500.0
330.00	17	500.0
331.00	14	500.0
332.00	21	500.0
333.00	14	500.0
334.00	22	500.0
335.00	8	500.0
336.00	5	500.0
337.00	17	500.0
338.00	5	500.0
339.00	10	500.0
340.00	18	500.0
341.00	6	500.0
342.00	15	500.0
343.00	12	500.0
344.00	23	500.0
345.00	16	500.0
346.00	13	500.0
347.00	14	500.0
348.00	15	500.0
349.00	20	500.0
350.00	11	500.0
351.00	12	500.0
352.00	19	500.0
353.00	7	500.0
354.00	14	500.0
355.00	15	500.0
356.00	7	500.0
357.00	17	500.0
358.00	19	500.0
359.00	14	500.0
360.00	15	500.0
361.00	16	500.0
362.00	13	500.0
363.00	14	500.0
364.00	12	500.0
365.00	22	500.0
366.00	20	500.0
367.00	17	500.0
368.00	15	500.0
369.00	14	500.0
370.00	14	500.0
371.00	9	500.0
372.00	14	500.0
373.00	10	500.0
374.00	14	500.0
375.00	10	500.0
376.00	13	500.0
377.00	14	500.0
378.00	15	500.0
379.00	14	500.0
380.00	17	500.0
381.00	14	500.0
382.00	12	500.0
383.00	12	500.0
384.00	15	500.0
385.00	14	500.0
386.00	12	500.0
387.00	17	500.0
388.00	21	500.0
389.00	16	500.0
390.00	14	500.0
391.00	15	500.0
392.00	13	500.0
393.00	16	500.0
394.00	11	500.0
395.00	13	500.0
396.00	12	500.0
397.00	13	500.0
398.00	8	500.0
399.00	10	500.0
400.00	13	500.0
401.00	23	500.0
402.00	12	500.0
403.00	19	500.0
404.00	15	500.0
405.00	13	500.0
406.00	13	500.0
407.00	19	500.0
408.00	11	500.0
409.00	11	500.0
410.00	19	500.0
411.00	13	500.0
412.00	15	500.0
413.00	13	500.0
414.00	16	500.0
415.00	18	500.0
416.00	13	500.0
417.00	11	500.0
418.00	17	500.0
419.00	16	500.0
420.00	26	500.0
421.00	10	500.0
422.00	14	500.0
423.00	7	500.0
424.00	14	500.0
425.00	20	500.0
426.00	14	500.0
427.00	12	500.0
428.00	10	500.0
429.00	15	500.0
430.00	10	500.0
431.00	15	500.0
432.00	7	500.0
433.00	16	500.0
434.00	10	500.0
435.00	18	500.0
436.00	13	500.0
437.00	18	500.0
438.00	10	500.0
439.00	13	500.0
440.00	12	500.0
441.00	11	500.0
442.00	12	500.0
443.00	11	500.0
444.00	15	500.0
445.00	13	500.0
446.00	10	500.0
447.00	11	500.0
448.00	16	500.0
449.00	8	500.0
450.00	21	500.0
451.00	11	500.0
452.00	23	500.0
453.00	8	500.0
454.00	17	500.0
455.00	20	500.0
456.00	8	500.0
457.00	12	500.0
458.00	16	500.0
459.00	15	500.0
460.00	13	500.0
461.00	22	500.0
462.00	8	500.0
463.00	17	500.0
464.00	12	500.0
465.00	20	500.0
466.00	14	500.0
467.00	14	500.0
468.00	18	500.0
469.00	10	500.0
470.00	16	500.0
471.00	17	500.0
472.00	17	500.0
473.00	21	500.0
474.00	11	500.0
475.00	12	500.0
476.00	15	500.0
477.00	14	500.0
478.00	14	500.0
479.00	11	500.0
480.00	10	500.0
481.00	15	500.0
482.00	15	500.0
483.00	10	500.0
484.00	15	500.0
485.00	11	500.0
486.00	17	500.0
487.00	11	500.0
488.00	20	500.0
489.00	12	500.0
490.00	17	500.0
491.00	9	500.0
492.00	11	500.0
493.00	11	500.0
494.00	22	500.0
495.00	12	500.0
496.00	18	500.0
497.00	14	500.0
498.00	12	500.0
499.00	10	500.0
500.00	10	500.0
501.00	13	500.0
502.00	13	500.0
503.00	13	500.0
504.00	10	500.0
505.00	16	500.0
506.00	13	500.0
507.00	12	500.0
508.00	15	500.0
509.00	14	500.0
510.00	14	500.0
511.00	8	500.0
512.00	18	500.0
513.00	18	500.0
514.00	17	500.0
515.00	14	500.0
516.00	16	500.0
517.00	22	500.0
518.00	16	500.0
519.00	8	500.0
520.00	17	500.0
521.00	16	500.0
522.00	10	500.0
523.00	11	500.0
524.00	17	500.0
525.00	15	500.0
526.00	13	500.0
527.00	19	500.0
528.00	7	500.0
529.00	10	500.0
530.00	11	500.0
531.00	19	500.0
532.00	22	500.0
533.00	20	500.0
534.00	12	500.0
535.00	14	500.0
536.00	17	500.0
537.00	16	500.0
538.00	17	500.0
539.00	16	500.0
540.00	15	500.0
541.00	11	500.0
542.00	16	500.0
543.00	16	500.0
544.00	10	500.0
545.00	13	500.0
546.00	16	500.0
547.00	11	500.0
548.00	15	500.0
549.00	13	500.0
550.00	12	500.0
551.00	15	500.0
552.00	12	500.0
553.00	8	500.0
554.00	11	500.0
555.00	10	500.0
556.00	14	500.0
557.00	21	500.0
558.00	9	500.0
559.00	9	500.0
560.00	9	500.0
561.00	23	500.0
562.00	11	500.0
563.00	15	500.0
564.00	10	500.0
565.00	12	500.0
566.00	12	500.0
567.00	19	500.0
568.00	13	500.0
569.00	12	500.0
570.00	19	500.0
571.00	16	500.0
572.00	19	500.0
573.00	16	500.0
574.00	17	500.0
575.00	12	500.0
576.00	14	500.0
577.00	12	500.0
578.00	15	500.0
579.00	4	500.0
580.00	13	500.0
581.00	20	500.0
582.00	8	500.0
583.00	11	500.0
584.00	11	500.0
585.00	18	500.0
586.00	16	500.0
587.00	15	500.0
588.00	14	500.0
589.00	12	500.0
590.00	14	500.0
591.00	20	500.0
592.00	13	500.0
593.00	13	500.0
594.00	8	500.0
595.00	17	500.0
596.00	18	500.0
597.00	12	500.0
598.00	16	500.0
599.00	14	500.0
600.00	15	500.0
601.00	6	500.0
602.00	13	500.0
603.00	22	500.0
604.00	13	500.0
605.00	11	500.0
606.00	9	500.0
607.00	13	500.0
608.00	11	500.0
609.00	12	500.0
610.00	14	500.0
611.00	13	500.0
612.00	16	500.0
613.00	22	500.0
614.00	15	500.0
615.00	17	500.0
616.00	11	500.0
617.00	17	500.0
618.00	13	500.0
619.00	11	500.0
620.00	15	500.0
621.00	7	500.0
622.00	18	500.0
623.00	8	500.0
624.00	18	500.0
625.00	16	500.0
626.00	13	500.0
627.00	8	500.0
628.00	8	500.0
629.00	20	500.0
630.00	15	500.0
631.00	21	500.0
632.00	10	500.0
633.00	8	500.0
634.00	17	500.0
635.00	16	500.0
636.00	15	500.0
637.00	7	500.0
638.00	11	500.0
639.00	23	500.0
640.00	11	500.0
641.00	16	500.0
642.00	20	500.0
643.00	12	500.0
644.00	12	500.0
645.00	16	500.0
646.00	10	500.0
647.00	20	500.0
648.00	17	500.0
649.00	11	500.0
650.00	10	500.0
651.00	12	500.0
652.00	17	500.0
653.00	19	500.0
654.00	16	500.0
655.00	20	500.0
656.00	9	500.0
657.00	13	500.0
658.00	17	500.0
659.00	20	500.0
660.00	6	500.0
661.00	13	500.0
662.00	11	500.0
663.00	15	500.0
664.00	17	500.0
665.00	14	500.0
666.00	12	500.0
667.00	19	500.0
668.00	12	500.0
669.00	14	500.0
670.00	13	500.0
671.00	25	500.0
672.00	13	500.0
673.00	18	500.0
674.00	8	500.0
675.00	28	500.0
676.00	12	500.0
677.00	20	500.0
678.00	10	500.0
679.00	15	500.0
680.00	8	500.0
681.00	18	500.0
682.00	12	500.0
683.00	20	500.0
684.00	16	500.0
685.00	16	500.0
686.00	8	500.0
687.00	15	500.0
688.00	15	500.0
689.00	9	500.0
690.00	17	500.0
691.00	18	500.0
692.00	16	500.0
693.00	22	500.0
694.00	9	500.0
695.00	13	500.0
696.00	12	500.0
697.00	12	500.0
698.00	13	500.0
699.00	10	500.0
700.00	19	500.0
701.00	14	500.0
702.00	23	500.0
703.00	14	500.0
704.00	12	500.0
705.00	13	500.0
706.00	16	500.0
707.00	8	500.0
708.00	12	500.0
709.00	17	500.0
710.00	11	500.0
711.00	14	500.0
712.00	13	500.0
713.00	14	500.0
714.00	23	500.0
715.00	18	500.0
716.00	17	500.0
717.00	17	500.0
718.00	16	500.0
719.00	6	500.0
720.00	12	500.0
721.00	15	500.0
722.00	17	500.0
723.00	11	500.0
724.00	17	500.0
725.00	11	500.0
726.00	9	500.0
727.00	16	500.0
728.00	13	500.0
729.00	14	500.0
730.00	19	500.0
731.00	9	500.0
732.00	19	500.0
733.00	11	500.0
734.00	13	500.0
735.00	13	500.0
736.00	11	500.0
737.00	13	500.0
738.00	9	500.0
739.00	10	500.0
740.00	14	500.0
741.00	9	500.0
742.00	15	500.0
743.00	12	500.0
744.00	13	500.0
745.00	16	500.0
746.00	18	500.0
747.00	15	500.0
748.00	13	500.0
749.00	17	500.0
750.00	8	500.0
751.00	12	500.0
752.00	16	500.0
753.00	7	500.0
754.00	22	500.0
755.00	14	500.0
756.00	9	500.0
757.00	19	500.0
758.00	19	500.0
759.00	23	500.0
760.00	14	500.0
761.00	7	500.0
762.00	17	500.0
763.00	15	500.0
764.00	10	500.0
765.00	14	500.0
766.00	13	500.0
767.00	15	500.0
768.00	15	500.0
769.00	19	500.0
770.00	15	500.0
771.00	14	500.0
772.00	13	500.0
773.00	9	500.0
774.00	15	500.0
775.00	13	500.0
776.00	15	500.0
777.00	14	500.0
778.00	10	500.0
779.00	16	500.0
780.00	10	500.0
781.00	13	500.0
782.00	15	500.0
783.00	26	500.0
784.00	14	500.0
785.00	6	500.0
786.00	17	500.0
787.00	14	500.0
788.00	16	500.0
789.00	17	500.0
790.00	9	500.0
791.00	10	500.0
792.00	18	500.0
793.00	10	500.0
794.00	10	500.0
795.00	13	500.0
796.00	9	500.0
797.00	10	500.0
798.00	10	500.0
799.00	16	500.0
800.00	20	500.0
801.00	17	500.0
802.00	6	500.0
803.00	10	500.0
804.00	15	500.0
805.00	13	500.0
806.00	10	500.0
807.00	18	500.0
808.00	10	500.0
809.00	17	500.0
810.00	12	500.0
811.00	17	500.0
812.00	19	500.0
813.00	21	500.0
814.00	8	500.0
815.00	16	500.0
816.00	20	500.0
817.00	9	500.0
818.00	16	500.0
819.00	10	500.0
820.00	13	500.0
821.00	8	500.0
822.00	13	500.0
823.00	15	500.0
824.00	15	500.0
825.00	9	500.0
826.00	13	500.0
827.00	18	500.0
828.00	17	500.0
829.00	13	500.0
830.00	17	500.0
831.00	12	500.0
832.00	13	500.0
833.00	13	500.0
834.00	10	500.0
835.00	21	500.0
836.00	11	500.0
837.00	14	500.0
838.00	12	500.0
839.00	17	500.0
840.00	13	500.0
841.00	19	500.0
842.00	9	500.0
843.00	14	500.0
844.00	13	500.0
845.00	15	500.0
846.00	17	500.0
847.00	9	500.0
848.00	10	500.0
849.00	15	500.0
850.00	11	500.0
851.00	14	500.0
852.00	13	500.0
853.00	16	500.0
854.00	12	500.0
855.00	8	500.0
856.00	16	500.0
857.00	9	500.0
858.00	14	500.0
859.00	10	500.0
860.00	22	500.0
861.00	15	500.0
862.00	18	500.0
863.00	7	500.0
864.00	17	500.0
865.00	14	500.0
866.00	10	500.0
867.00	8	500.0
868.00	15	500.0
869.00	12	500.0
870.00	20	500.0
871.00	17	500.0
872.00	23	500.0
873.00	13	500.0
874.00	12	500.0
875.00	14	500.0
876.00	16	500.0
877.00	18	500.0
878.00	10	500.0
879.00	12	500.0
880.00	16	500.0
881.00	10	500.0
882.00	12	500.0
883.00	13	500.0
884.00	22	500.0
885.00	20	500.0
886.00	14	500.0
887.00	10	500.0
888.00	19	500.0
889.00	15	500.0
890.00	23	500.0
891.00	14	500.0
892.00	17	500.0
893.00	22	500.0
894.00	10	500.0
895.00	12	500.0
896.00	10	500.0
897.00	15	500.0
898.00	13	500.0
899.00	12	500.0
900.00	16	500.0
901.00	21	500.0
902.00	13	500.0
903.00	12	500.0
904.00	7	500.0
905.00	10	500.0
906.00	13	500.0
907.00	10	500.0
908.00	12	500.0
909.00	13	500.0
910.00	14	500.0
911.00	14	500.0
912.00	17	500.0
913.00	9	500.0
914.00	10	500.0
915.00	17	500.0
916.00	12	500.0
917.00	15	500.0
918.00	10	500.0
919.00	8	500.0
920.00	15	500.0
921.00	13	500.0
922.00	16	500.0
923.00	9	500.0
924.00	12	500.0
925.00	13	500.0
926.00	13	500.0
927.00	12	500.0
928.00	18	500.0
929.00	11	500.0
930.00	11	500.0
931.00	11	500.0
932.00	15	500.0
933.00	18	500.0
934.00	14	500.0
935.00	15	500.0
936.00	14	500.0
937.00	15	500.0
938.00	18	500.0
939.00	16	500.0
940.00	7	500.0
941.00	21	500.0
942.00	16	500.0
943.00	16	500.0
944.00	13	500.0
945.00	19	500.0
946.00	11	500.0
947.00	13	500.0
948.00	15	500.0
949.00	13	500.0
950.00	11	500.0
951.00	13	500.0
952.00	6	500.0
953.00	17	500.0
954.00	10	500.0
955.00	12	500.0
956.00	15	500.0
957.00	10	500.0
958.00	10	500.0
959.00	16	500.0
960.00	12	500.0
961.00	11	500.0
962.00	20	500.0
963.00	9	500.0
964.00	16	500.0
965.00	14	500.0
966.00	16	500.0
967.00	14	500.0
968.00	11	500.0
969.00	11	500.0
970.00	12	500.0
971.00	13	500.0
972.00	17	500.0
973.00	22	500.0
974.00	14	500.0
975.00	14	500.0
976.00	17	500.0
977.00	15	500.0
978.00	18	500.0
979.00	11	500.0
980.00	13	500.0
981.00	22	500.0
982.00	15	500.0
983.00	9	500.0
984.00	17	500.0
985.00	13	500.0
986.00	6	500.0
987.00	14	500.0
988.00	9	500.0
989.00	17	500.0
990.00	11	500.0
991.00	15	500.0
992.00	19	500.0
993.00	12	500.0
994.00	15	500.0
995.00	16	500.0
996.00	11	500.0
997.00	15	500.0
998.00	11	500.0
999.00	13	500.0
1000.00	13	500.0
1001.00	12	500.0
1002.00	9	500.0
1003.00	14	500.0
1004.00	17	500.0
1005.00	17	500.0
1006.00	16	500.0
1007.00	15	500.0
1008.00	14	500.0
1009.00	16	500.0
1010.00	15	500.0
1011.00	7	500.0
1012.00	15	500.0
1013.00	10	500.0
1014.00	17	500.0
1015.00	9	500.0
1016.00	15	500.0
1017.00	12	500.0
1018.00	15	500.0
1019.00	15	500.0
1020.00	19	500.0
1021.00	14	500.0
1022.00	12	500.0
1023.00	12	500.0
1024.00	9	500.0
1025.00	11	500.0
1026.00	10	500.0
1027.00	15	500.0
1028.00	9	500.0
1029.00	15	500.0
1030.00	13	500.0
1031.00	15	500.0
1032.00	23	500.0
1033.00	10	500.0
1034.00	8	500.0
1035.00	15	500.0
1036.00	17	500.0
1037.00	17	500.0
1038.00	13	500.0
1039.00	18	500.0
1040.00	21	500.0
1041.00	12	500.0
1042.00	16	500.0
1043.00	10	500.0
1044.00	16	500.0
1045.00	12	500.0
1046.00	13	500.0
1047.00	12	500.0
1048.00	16	500.0
1049.00	15	500.0
1050.00	11	500.0
1051.00	8	500.0
1052.00	11	500.0
1053.00	11	500.0
1054.00	11	500.0
1055.00	12	500.0
1056.00	16	500.0
1057.00	12	500.0
1058.00	13	500.0
1059.00	8	500.0
1060.00	18	500.0
1061.00	17	500.0
1062.00	11	500.0
1063.00	12	500.0
1064.00	17	500.0
1065.00	14	500.0
1066.00	14	500.0
1067.00	18	500.0
1068.00	14	500.0
1069.00	13	500.0
1070.00	18	500.0
1071.00	13	500.0
1072.00	15	500.0
1073.00	12	500.0
1074.00	15	500.0
1075.00	9	500.0
1076.00	13	500.0
1077.00	12	500.0
1078.00	11	500.0
1079.00	10	500.0
1080.00	11	500.0
1081.00	12	500.0
1082.00	8	500.0
1083.00	18	500.0
1084.00	8	500.0
1085.00	17	500.0
1086.00	19	500.0
1087.00	17	500.0
1088.00	12	500.0
1089.00	19	500.0
1090.00	15	500.0
1091.00	12	500.0
1092.00	20	500.0
1093.00	18	500.0
1094.00	15	500.0
1095.00	14	500.0
1096.00	9	500.0
1097.00	11	500.0
1098.00	17	500.0
1099.00	14	500.0
1100.00	14	500.0
1101.00	19	500.0
1102.00	17	500.0
1103.00	10	500.0
1104.00	9	500.0
1105.00	9	500.0
1106.00	9	500.0
1107.00	12	500.0
1108.00	21	500.0
1109.00	24	500.0
1110.00	14	500.0
1111.00	14	500.0
1112.00	11	500.0
1113.00	8	500.0
1114.00	14	500.0
1115.00	11	500.0
1116.00	23	500.0
1117.00	16	500.0
1118.00	13	500.0
1119.00	11	500.0
1120.00	16	500.0
1121.00	19	500.0
1122.00	19	500.0
1123.00	15	500.0
1124.00	21	500.0
1125.00	14	500.0
1126.00	17	500.0
1127.00	13	500.0
1128.00	18	500.0
1129.00	14	500.0
1130.00	16	500.0
1131.00	13	500.0
1132.00	23	500.0
1133.00	10	500.0
1134.00	16	500.0
1135.00	13	500.0
1136.00	12	500.0
1137.00	14	500.0
1138.00	22	500.0
1139.00	15	500.0
1140.00	13	500.0
1141.00	12	500.0
1142.00	12	500.0
1143.00	16	500.0
1144.00	15	500.0
1145.00	15	500.0
1146.00	15	500.0
1147.00	12	500.0
1148.00	9	500.0
1149.00	14	500.0
1150.00	18	500.0
1151.00	18	500.0
1152.00	22	500.0
1153.00	10	500.0
1154.00	19	500.0
1155.00	12	500.0
1156.00	15	500.0
1157.00	12	500.0
1158.00	15	500.0
1159.00	13	500.0
1160.00	23	500.0
1161.00	18	500.0
1162.00	11	500.0
1163.00	14	500.0
1164.00	13	500.0
1165.00	12	500.0
1166.00	11	500.0
1167.00	11	500.0
1168.00	15	500.0
1169.00	13	500.0
1170.00	12	500.0
1171.00	11	500.0
1172.00	14	500.0
1173.00	15	500.0
1174.00	12	500.0
1175.00	11	500.0
1176.00	10	500.0
1177.00	13	500.0
1178.00	18	500.0
1179.00	14	500.0
1180.00	11	500.0
1181.00	11	500.0
1182.00	12	500.0
1183.00	19	500.0
1184.00	16	500.0
1185.00	6	500.0
1186.00	16	500.0
1187.00	17	500.0
1188.00	10	500.0
1189.00	13	500.0
1190.00	15	500.0
1191.00	15	500.0
1192.00	13	500.0
1193.00	17	500.0
1194.00	15	500.0
1195.00	20	500.0
1196.00	18	500.0
1197.00	11	500.0
1198.00	16	500.0
1199.00	7	500.0
1200.00	20	500.0
1201.00	8	500.0
1202.00	16	500.0
1203.00	8	500.0
1204.00	18	500.0
1205.00	11	500.0
1206.00	24	500.0
1207.00	15	500.0
1208.00	11	500.0
1209.00	7	500.0
1210.00	13	500.0
1211.00	5	500.0
1212.00	13	500.0
1213.00	13	500.0
1214.00	15	500.0
1215.00	13	500.0
1216.00	15	500.0
1217.00	15	500.0
1218.00	14	500.0
1219.00	10	500.0
1220.00	10	500.0
1221.00	13	500.0
1222.00	22	500.0
1223.00	13	500.0
1224.00	15	500.0
1225.00	16	500.0
1226.00	13	500.0
1227.00	15	500.0
1228.00	16	500.0
1229.00	14	500.0
1230.00	13	500.0
1231.00	14	500.0
1232.00	19	500.0
1233.00	20	500.0
1234.00	10	500.0
1235.00	15	500.0
1236.00	14	500.0
1237.00	15	500.0
1238.00	12	500.0
1239.00	13	500.0
1240.00	10	500.0
1241.00	20	500.0
1242.00	10	500.0
1243.00	12	500.0
1244.00	13	500.0
1245.00	16	500.0
1246.00	13	500.0
1247.00	12	500.0
1248.00	19	500.0
1249.00	12	500.0
1250.00	18	500.0
1251.00	9	500.0
1252.00	18	500.0
1253.00	18	500.0
1254.00	16	500.0
1255.00	11	500.0
1256.00	11	500.0
1257.00	9	500.0
1258.00	11	500.0
1259.00	14	500.0
1260.00	13	500.0
1261.00	15	500.0
1262.00	13	500.0
1263.00	8	500.0
1264.00	10	500.0
1265.00	14	500.0
1266.00	11	500.0
1267.00	10	500.0
1268.00	10	500.0
1269.00	12	500.0
1270.00	18	500.0
1271.00	20	500.0
1272.00	14	500.0
1273.00	10	500.0
1274.00	11	500.0
1275.00	14	500.0
1276.00	16	500.0
1277.00	18	500.0
1278.00	17	500.0
1279.00	18	500.0
1280.00	13	500.0
1281.00	16	500.0
1282.00	18	500.0
1283.00	20	500.0
1284.00	17	500.0
1285.00	9	500.0
1286.00	12	500.0
1287.00	11	500.0
1288.00	16	500.0
1289.00	17	500.0
1290.00	16	500.0
1291.00	15	500.0
1292.00	14	500.0
1293.00	19	500.0
1294.00	15	500.0
1295.00	12	500.0
1296.00	13	500.0
1297.00	13	500.0
1298.00	13	500.0
1299.00	12	500.0
1300.00	20	500.0
1301.00	17	500.0
1302.00	12	500.0
1303.00	14	500.0
1304.00	11	500.0
1305.00	19	500.0
1306.00	17	500.0
1307.00	13	500.0
1308.00	10	500.0
1309.00	13	500.0
1310.00	13	500.0
1311.00	13	500.0
1312.00	13	500.0
1313.00	17	500.0
1314.00	13	500.0
1315.00	15	500.0
1316.00	17	500.0
1317.00	14	500.0
1318.00	10	500.0
1319.00	13	500.0
1320.00	10	500.0
1321.00	15	500.0
1322.00	20	500.0
1323.00	10	500.0
1324.00	17	500.0
1325.00	7	500.0
1326.00	13	500.0
1327.00	12	500.0
1328.00	15	500.0
1329.00	9	500.0
1330.00	7	500.0
1331.00	19	500.0
1332.00	12	500.0
1333.00	15	500.0
1334.00	14	500.0
1335.00	12	500.0
1336.00	17	500.0
1337.00	15	500.0
1338.00	16	500.0
1339.00	17	500.0
1340.00	13	500.0
1341.00	13	500.0
1342.00	16	500.0
1343.00	17	500.0
1344.00	14	500.0
1345.00	14	500.0
1346.00	15	500.0
1347.00	11	500.0
1348.00	11	500.0
1349.00	11	500.0
1350.00	11	500.0
1351.00	16	500.0
1352.00	16	500.0
1353.00	11	500.0
1354.00	13	500.0
1355.00	13	500.0
1356.00	17	500.0
1357.00	23	500.0
1358.00	15	500.0
1359.00	9	500.0
1360.00	12	500.0
1361.00	15	500.0
1362.00	14	500.0
1363.00	18	500.0
1364.00	9	500.0
1365.00	11	500.0
1366.00	4	500.0
1367.00	10	500.0
1368.00	10	500.0
1369.00	17	500.0
1370.00	12	500.0
1371.00	9	500.0
1372.00	13	500.0
1373.00	20	500.0
1374.00	16	500.0
1375.00	14	500.0
1376.00	11	500.0
1377.00	7	500.0
1378.00	15	500.0
1379.00	13	500.0
1380.00	10	500.0
1381.00	22	500.0
1382.00	15	500.0
1383.00	14	500.0
1384.00	9	500.0
1385.00	17	500.0
1386.00	16	500.0
1387.00	11	500.0
1388.00	14	500.0
1389.00	14	500.0
1390.00	22	500.0
1391.00	10	500.0
1392.00	19	500.0
1393.00	10	500.0
1394.00	19	500.0
1395.00	20	500.0
1396.00	18	500.0
1397.00	11	500.0
1398.00	10	500.0
1399.00	11	500.0
1400.00	20	500.0
1401.00	12	500.0
1402.00	9	500.0
1403.00	11	500.0
1404.00	11	500.0
1405.00	17	500.0
1406.00	11	500.0
1407.00	21	500.0
1408.00	16	500.0
1409.00	16	500.0
1410.00	13	500.0
1411.00	12	500.0
1412.00	9	500.0
1413.00	8	500.0
1414.00	17	500.0
1415.00	15	500.0
1416.00	18	500.0
1417.00	15	500.0
1418.00	16	500.0
1419.00	9	500.0
1420.00	10	500.0
1421.00	6	500.0
1422.00	17	500.0
1423.00	8	500.0
1424.00	14	500.0
1425.00	18	500.0
1426.00	17	500.0
1427.00	20	500.0
1428.00	10	500.0
1429.00	20	500.0
1430.00	11	500.0
1431.00	17	500.0
1432.00	17	500.0
1433.00	15	500.0
1434.00	11	500.0
1435.00	15	500.0
1436.00	14	500.0
1437.00	16	500.0
1438.00	10	500.0
1439.00	14	500.0
1440.00	12	500.0
1441.00	16	500.0
1442.00	15	500.0
1443.00	16	500.0
1444.00	20	500.0
1445.00	9	500.0
1446.00	16	500.0
1447.00	17	500.0
1448.00	10	500.0
1449.00	15	500.0
1450.00	19	500.0
1451.00	21	500.0
1452.00	12	500.0
1453.00	12	500.0
1454.00	15	500.0
1455.00	15	500.0
1456.00	14	500.0
1457.00	11	500.0
1458.00	12	500.0
1459.00	13	500.0
1460.00	20	500.0
1461.00	16	500.0
1462.00	14	500.0
1463.00	18	500.0
1464.00	14	500.0
1465.00	13	500.0
1466.00	14	500.0
1467.00	17	500.0
1468.00	12	500.0
1469.00	15	500.0
1470.00	20	500.0
1471.00	7	500.0
1472.00	21	500.0
1473.00	14	500.0
1474.00	12	500.0
1475.00	12	500.0
1476.00	23	500.0
1477.00	14	500.0
1478.00	12	500.0
1479.00	8	500.0
1480.00	8	500.0
1481.00	28	500.0
1482.00	10	500.0
1483.00	15	500.0
1484.00	14	500.0
1485.00	15	500.0
1486.00	10	500.0
1487.00	14	500.0
1488.00	15	500.0
1489.00	13	500.0
1490.00	7	500.0
1491.00	11	500.0
1492.00	11	500.0
1493.00	13	500.0
1494.00	20	500.0
1495.00	14	500.0
1496.00	16	500.0
1497.00	10	500.0
1498.00	16	500.0
1499.00	12	500.0
1500.00	17	500.0
1501.00	19	500.0
1502.00	8	500.0
1503.00	15	500.0
1504.00	11	500.0
1505.00	14	500.0
1506.00	17	500.0
1507.00	10	500.0
1508.00	9	500.0
1509.00	12	500.0
1510.00	11	500.0
1511.00	17	500.0
1512.00	12	500.0
1513.00	10	500.0
1514.00	11	500.0
1515.00	17	500.0
1516.00	11	500.0
1517.00	13	500.0
1518.00	11	500.0
1519.00	12	500.0
1520.00	14	500.0
1521.00	20	500.0
1522.00	21	500.0
1523.00	17	500.0
1524.00	20	500.0
1525.00	12	500.0
1526.00	18	500.0
1527.00	14	500.0
1528.00	15	500.0
1529.00	14	500.0
1530.00	11	500.0
1531.00	13	500.0
1532.00	12	500.0
1533.00	13	500.0
1534.00	16	500.0
1535.00	16	500.0
1536.00	12	500.0
1537.00	11	500.0
1538.00	15	500.0
1539.00	7	500.0
1540.00	13	500.0
1541.00	14	500.0
1542.00	11	500.0
1543.00	18	500.0
1544.00	11	500.0
1545.00	17	500.0
1546.00	12	500.0
1547.00	18	500.0
1548.00	19	500.0
1549.00	15	500.0
1550.00	9	500.0
1551.00	14	500.0
1552.00	12	500.0
1553.00	18	500.0
1554.00	19	500.0
1555.00	17	500.0
1556.00	12	500.0
1557.00	12	500.0
1558.00	11	500.0
1559.00	12	500.0
1560.00	13	500.0
1561.00	12	500.0
1562.00	12	500.0
1563.00	16	500.0
1564.00	17	500.0
1565.00	12	500.0
1566.00	12	500.0
1567.00	14	500.0
1568.00	18	500.0
1569.00	22	500.0
1570.00	14	500.0
1571.00	23	500.0
1572.00	20	500.0
1573.00	12	500.0
1574.00	14	500.0
1575.00	25	500.0
1576.00	19	500.0
1577.00	8	500.0
1578.00	22	500.0
1579.00	23	500.0
1580.00	14	500.0
1581.00	17	500.0
1582.00	7	500.0
1583.00	13	500.0
1584.00	15	500.0
1585.00	20	500.0
1586.00	5	500.0
1587.00	10	500.0
1588.00	15	500.0
1589.00	14	500.0
1590.00	10	500.0
1591.00	10	500.0
1592.00	15	500.0
1593.00	19	500.0
1594.00	10	500.0
1595.00	8	500.0
1596.00	17	500.0
1597.00	17	500.0
1598.00	16	500.0
1599.00	12	500.0
1600.00	17	500.0
1601.00	8	500.0
1602.00	9	500.0
1603.00	7	500.0
1604.00	10	500.0
1605.00	21	500.0
1606.00	6	500.0
1607.00	8	500.0
1608.00	8	500.0
1609.00	13	500.0
1610.00	16	500.0
1611.00	15	500.0
1612.00	11	500.0
1613.00	14	500.0
1614.00	16	500.0
1615.00	17	500.0
1616.00	17	500.0
1617.00	14	500.0
1618.00	8	500.0
1619.00	10	500.0
1620.00	19	500.0
1621.00	10	500.0
1622.00	16	500.0
1623.00	13	500.0
1624.00	15	500.0
1625.00	11	500.0
1626.00	8	500.0
1627.00	11	500.0
1628.00	13	500.0
1629.00	14	500.0
1630.00	14	500.0
1631.00	13	500.0
1632.00	17	500.0
1633.00	14	500.0
1634.00	16	500.0
1635.00	15	500.0
1636.00	11	500.0
1637.00	7	500.0
1638.00	10	500.0
1639.00	13	500.0
1640.00	9	500.0
1641.00	12	500.0
1642.00	8	500.0
1643.00	8	500.0
1644.00	13	500.0
1645.00	17	500.0
1646.00	16	500.0
1647.00	19	500.0
1648.00	14	500.0
1649.00	17	500.0
1650.00	16	500.0
1651.00	11	500.0
1652.00	18	500.0
1653.00	15	500.0
1654.00	13	500.0
1655.00	16	500.0
1656.00	19	500.0
1657.00	14	500.0
1658.00	12	500.0
1659.00	10	500.0
1660.00	13	500.0
1661.00	19	500.0
1662.00	10	500.0
1663.00	21	500.0
1664.00	24	500.0
1665.00	22	500.0
1666.00	10	500.0
1667.00	20	500.0
1668.00	13	500.0
1669.00	15	500.0
1670.00	17	500.0
1671.00	18	500.0
1672.00	16	500.0
1673.00	13	500.0
1674.00	14	500.0
1675.00	20	500.0
1676.00	11	500.0
1677.00	17	500.0
1678.00	20	500.0
1679.00	24	500.0
1680.00	10	500.0
1681.00	18	500.0
1682.00	19	500.0
1683.00	14	500.0
1684.00	11	500.0
1685.00	18	500.0
1686.00	11	500.0
1687.00	17	500.0
1688.00	17	500.0
1689.00	16	500.0
1690.00	10	500.0
1691.00	17	500.0
1692.00	11	500.0
1693.00	10	500.0
1694.00	15	500.0
1695.00	7	500.0
1696.00	14	500.0
1697.00	8	500.0
1698.00	17	500.0
1699.00	9	500.0
1700.00	13	500.0
1701.00	17	500.0
1702.00	12	500.0
1703.00	13	500.0
1704.00	12	500.0
1705.00	13	500.0
1706.00	17	500.0
1707.00	16	500.0
1708.00	12	500.0
1709.00	15	500.0
1710.00	22	500.0
1711.00	10	500.0
1712.00	11	500.0
1713.00	13	500.0
1714.00	14	500.0
1715.00	11	500.0
1716.00	17	500.0
1717.00	19	500.0
1718.00	11	500.0
1719.00	16	500.0
1720.00	12	500.0
1721.00	12	500.0
1722.00	18	500.0
1723.00	16	500.0
1724.00	13	500.0
1725.00	10	500.0
1726.00	12	500.0
1727.00	10	500.0
1728.00	17	500.0
1729.00	11	500.0
1730.00	12	500.0
1731.00	13	500.0
1732.00	9	500.0
1733.00	11	500.0
1734.00	10	500.0
1735.00	15	500.0
1736.00	12	500.0
1737.00	11	500.0
1738.00	17	500.0
1739.00	19	500.0
1740.00	18	500.0
1741.00	15	500.0
1742.00	8	500.0
1743.00	12	500.0
1744.00	16	500.0
1745.00	15	500.0
1746.00	11	500.0
1747.00	11	500.0
1748.00	16	500.0
1749.00	9	500.0
1750.00	16	500.0
1751.00	14	500.0
1752.00	19	500.0
1753.00	14	500.0
1754.00	19	500.0
1755.00	17	500.0
1756.00	12	500.0
1757.00	14	500.0
1758.00	9	500.0
1759.00	18	500.0
1760.00	13	500.0
1761.00	18	500.0
1762.00	12	500.0
1763.00	5	500.0
1764.00	14	500.0
1765.00	19	500.0
1766.00	9	500.0
1767.00	15	500.0
1768.00	15	500.0
1769.00	15	500.0
1770.00	14	500.0
1771.00	14	500.0
1772.00	14	500.0
1773.00	16	500.0
1774.00	15	500.0
1775.00	13	500.0
1776.00	7	500.0
1777.00	15	500.0
1778.00	14	500.0
1779.00	14	500.0
1780.00	12	500.0
1781.00	10	500.0
1782.00	6	500.0
1783.00	12	500.0
1784.00	8	500.0
1785.00	11	500.0
1786.00	15	500.0
1787.00	14	500.0
1788.00	14	500.0
1789.00	14	500.0
1790.00	14	500.0
1791.00	11	500.0
1792.00	15	500.0
1793.00	14	500.0
1794.00	12	500.0
1795.00	15	500.0
1796.00	17	500.0
1797.00	16	500.0
1798.00	16	500.0
1799.00	15	500.0
1800.00	12	500.0
1801.00	16	500.0
1802.00	19	500.0
1803.00	12	500.0
1804.00	10	500.0
1805.00	5	500.0
1806.00	13	500.0
1807.00	10	500.0
1808.00	10	500.0
1809.00	18	500.0
1810.00	22	500.0
1811.00	12	500.0
1812.00	12	500.0
1813.00	14	500.0
1814.00	16	500.0
1815.00	11	500.0
1816.00	15	500.0
1817.00	11	500.0
1818.00	18	500.0
1819.00	12	500.0
1820.00	7	500.0
1821.00	15	500.0
1822.00	16	500.0
1823.00	11	500.0
1824.00	9	500.0
1825.00	17	500.0
1826.00	19	500.0
1827.00	7	500.0
1828.00	19	500.0
1829.00	8	500.0
1830.00	10	500.0
1831.00	11	500.0
1832.00	11	500.0
1833.00	11	500.0
1834.00	14	500.0
1835.00	12	500.0
1836.00	12	500.0
1837.00	16	500.0
1838.00	12	500.0
1839.00	16	500.0
1840.00	13	500.0
1841.00	15	500.0
1842.00	19	500.0
1843.00	10	500.0
1844.00	14	500.0
1845.00	9	500.0
1846.00	15	500.0
1847.00	10	500.0
1848.00	12	500.0
1849.00	9	500.0
1850.00	10	500.0
1851.00	20	500.0
1852.00	15	500.0
1853.00	17	500.0
1854.00	17	500.0
1855.00	10	500.0
1856.00	8	500.0
1857.00	12	500.0
1858.00	11	500.0
1859.00	12	500.0
1860.00	13	500.0
1861.00	20	500.0
1862.00	14	500.0
1863.00	16	500.0
1864.00	16	500.0
1865.00	13	500.0
1866.00	5	500.0
1867.00	19	500.0
1868.00	9	500.0
1869.00	13	500.0
1870.00	12	500.0
1871.00	13	500.0
1872.00	14	500.0
1873.00	11	500.0
1874.00	13	500.0
1875.00	12	500.0
1876.00	16	500.0
1877.00	20	500.0
1878.00	7	500.0
1879.00	8	500.0
1880.00	12	500.0
1881.00	15	500.0
1882.00	15	500.0
1883.00	11	500.0
1884.00	19	500.0
1885.00	18	500.0
1886.00	11	500.0
1887.00	10	500.0
1888.00	15	500.0
1889.00	17	500.0
1890.00	16	500.0
1891.00	16	500.0
1892.00	9	500.0
1893.00	10	500.0
1894.00	9	500.0
1895.00	17	500.0
1896.00	12	500.0
1897.00	16	500.0
1898.00	11	500.0
1899.00	4	500.0
1900.00	11	500.0
1901.00	19	500.0
1902.00	15	500.0
1903.00	19	500.0
1904.00	9	500.0
1905.00	8	500.0
1906.00	16	500.0
1907.00	12	500.0
1908.00	12	500.0
1909.00	18	500.0
1910.00	20	500.0
1911.00	10	500.0
1912.00	13	500.0
1913.00	16	500.0
1914.00	12	500.0
1915.00	9	500.0
1916.00	15	500.0
1917.00	16	500.0
1918.00	14	500.0
1919.00	17	500.0
1920.00	12	500.0
1921.00	17	500.0
1922.00	12	500.0
1923.00	12	500.0
1924.00	10	500.0
1925.00	10	500.0
1926.00	17	500.0
1927.00	17	500.0
1928.00	12	500.0
1929.00	10	500.0
1930.00	21	500.0
1931.00	13	500.0
1932.00	12	500.0
1933.00	24	500.0
1934.00	14	500.0
1935.00	12	500.0
1936.00	19	500.0
1937.00	12	500.0
1938.00	13	500.0
1939.00	15	500.0
1940.00	11	500.0
1941.00	11	500.0
1942.00	6	500.0
1943.00	14	500.0
1944.00	16	500.0
1945.00	16	500.0
1946.00	11	500.0
1947.00	14	500.0
1948.00	11	500.0
1949.00	13	500.0
1950.00	22	500.0
1951.00	11	500.0
1952.00	9	500.0
1953.00	12	500.0
1954.00	17	500.0
1955.00	10	500.0
1956.00	8	500.0
1957.00	15	500.0
1958.00	13	500.0
1959.00	9	500.0
1960.00	9	500.0
1961.00	16	500.0
1962.00	11	500.0
1963.00	12	500.0
1964.00	10	500.0
1965.00	11	500.0
1966.00	14	500.0
1967.00	12	500.0
1968.00	14	500.0
1969.00	13	500.0
1970.00	11	500.0
1971.00	16	500.0
1972.00	23	500.0
1973.00	12	500.0
1974.00	17	500.0
1975.00	15	500.0
1976.00	15	500.0
1977.00	16	500.0
1978.00	16	500.0
1979.00	14	500.0
1980.00	16	500.0
1981.00	18	500.0
1982.00	11	500.0
1983.00	16	500.0
1984.00	13	500.0
1985.00	9	500.0
1986.00	14	500.0
1987.00	12	500.0
1988.00	9	500.0
1989.00	13	500.0
1990.00	13	500.0
1991.00	18	500.0
1992.00	13	500.0
1993.00	17	500.0
1994.00	15	500.0
1995.00	18	500.0
1996.00	12	500.0
1997.00	13	500.0
1998.00	11	500.0
1999.00	17	500.0
2000.00	11	500.0
2001.00	10	500.0
2002.00	12	500.0
2003.00	11	500.0
2004.00	13	500.0
2005.00	17	500.0
2006.00	19	500.0
2007.00	16	500.0
2008.00	17	500.0
2009.00	20	500.0
2010.00	17	500.0
2011.00	15	500.0
2012.00	12	500.0
2013.00	16	500.0
2014.00	13	500.0
2015.00	22	500.0
2016.00	15	500.0
2017.00	9	500.0
2018.00	23	500.0
2019.00	18	500.0
2020.00	17	500.0
2021.00	17	500.0
2022.00	14	500.0
2023.00	11	500.0
2024.00	18	500.0
2025.00	16	500.0
2026.00	14	500.0
2027.00	13	500.0
2028.00	10	500.0
2029.00	14	500.0
2030.00	13	500.0
2031.00	13	500.0
2032.00	16	500.0
2033.00	15	500.0
2034.00	14	500.0
2035.00	15	500.0
2036.00	17	500.0
2037.00	14	500.0
2038.00	14	500.0
2039.00	8	500.0
2040.00	15	500.0
2041.00	19	500.0
2042.00	11	500.0
2043.00	7	500.0
2044.00	8	500.0
2045.00	20	500.0
2046.00	17	500.0
2047.00	13	500.0
