Time	Radioactivity (ID 01) / Count rate S	Radioactivity (ID 01) / GM voltage U
t/s	S/#/s	U/V

0.00	0	500.0
1.00	3	500.0
2.00	6	500.0
3.00	4	500.0
4.00	3	500.0
5.00	3	500.0
6.00	4	500.0
7.00	2	500.0
8.00	4	500.0
9.00	0	500.0
10.00	2	500.0
11.00	2	500.0
12.00	2	500.0
13.00	4	500.0
14.00	2	500.0
15.00	2	500.0
16.00	3	500.0
17.00	6	500.0
18.00	1	500.0
19.00	2	500.0
20.00	1	500.0
21.00	6	500.0
22.00	3	500.0
23.00	7	500.0
24.00	1	500.0
25.00	5	500.0
26.00	3	500.0
27.00	3	500.0
28.00	5	500.0
29.00	6	500.0
30.00	3	500.0
31.00	4	500.0
32.00	5	500.0
33.00	5	500.0
34.00	2	500.0
35.00	2	500.0
36.00	2	500.0
37.00	2	500.0
38.00	3	500.0
39.00	4	500.0
40.00	2	500.0
41.00	5	500.0
42.00	7	500.0
43.00	2	500.0
44.00	6	500.0
45.00	3	500.0
46.00	1	500.0
47.00	3	500.0
48.00	3	500.0
49.00	1	500.0
50.00	5	500.0
51.00	3	500.0
52.00	2	500.0
53.00	1	500.0
54.00	2	500.0
55.00	6	500.0
56.00	1	500.0
57.00	3	500.0
58.00	5	500.0
59.00	5	500.0
60.00	1	500.0
61.00	4	500.0
62.00	7	500.0
63.00	0	500.0
64.00	0	500.0
65.00	7	500.0
66.00	5	500.0
67.00	2	500.0
68.00	5	500.0
69.00	1	500.0
70.00	5	500.0
71.00	4	500.0
72.00	5	500.0
73.00	1	500.0
74.00	4	500.0
75.00	4	500.0
76.00	5	500.0
77.00	2	500.0
78.00	3	500.0
79.00	4	500.0
80.00	4	500.0
81.00	3	500.0
82.00	4	500.0
83.00	2	500.0
84.00	5	500.0
85.00	4	500.0
86.00	3	500.0
87.00	4	500.0
88.00	2	500.0
89.00	5	500.0
90.00	4	500.0
91.00	4	500.0
92.00	5	500.0
93.00	2	500.0
94.00	4	500.0
95.00	2	500.0
96.00	0	500.0
97.00	2	500.0
98.00	2	500.0
99.00	5	500.0
100.00	4	500.0
101.00	3	500.0
102.00	4	500.0
103.00	2	500.0
104.00	5	500.0
105.00	3	500.0
106.00	4	500.0
107.00	5	500.0
108.00	5	500.0
109.00	0	500.0
110.00	4	500.0
111.00	2	500.0
112.00	4	500.0
113.00	1	500.0
114.00	6	500.0
115.00	6	500.0
116.00	2	500.0
117.00	4	500.0
118.00	3	500.0
119.00	3	500.0
120.00	3	500.0
121.00	2	500.0
122.00	4	500.0
123.00	4	500.0
124.00	5	500.0
125.00	8	500.0
126.00	6	500.0
127.00	0	500.0
128.00	3	500.0
129.00	2	500.0
130.00	4	500.0
131.00	1	500.0
132.00	6	500.0
133.00	6	500.0
134.00	1	500.0
135.00	5	500.0
136.00	5	500.0
137.00	4	500.0
138.00	3	500.0
139.00	2	500.0
140.00	6	500.0
141.00	5	500.0
142.00	9	500.0
143.00	0	500.0
144.00	4	500.0
145.00	3	500.0
146.00	6	500.0
147.00	1	500.0
148.00	2	500.0
149.00	5	500.0
150.00	7	500.0
151.00	1	500.0
152.00	6	500.0
153.00	2	500.0
154.00	3	500.0
155.00	6	500.0
156.00	4	500.0
157.00	6	500.0
158.00	3	500.0
159.00	2	500.0
160.00	3	500.0
161.00	3	500.0
162.00	3	500.0
163.00	5	500.0
164.00	6	500.0
165.00	6	500.0
166.00	4	500.0
167.00	4	500.0
168.00	4	500.0
169.00	4	500.0
170.00	3	500.0
171.00	3	500.0
172.00	4	500.0
173.00	1	500.0
174.00	0	500.0
175.00	3	500.0
176.00	3	500.0
177.00	4	500.0
178.00	1	500.0
179.00	4	500.0
180.00	4	500.0
181.00	1	500.0
182.00	7	500.0
183.00	7	500.0
184.00	4	500.0
185.00	2	500.0
186.00	2	500.0
187.00	4	500.0
188.00	5	500.0
189.00	3	500.0
190.00	3	500.0
191.00	6	500.0
192.00	0	500.0
193.00	5	500.0
194.00	2	500.0
195.00	2	500.0
196.00	1	500.0
197.00	5	500.0
198.00	2	500.0
199.00	3	500.0
200.00	4	500.0
201.00	2	500.0
202.00	2	500.0
203.00	3	500.0
204.00	2	500.0
205.00	2	500.0
206.00	3	500.0
207.00	7	500.0
208.00	6	500.0
209.00	5	500.0
210.00	9	500.0
211.00	4	500.0
212.00	3	500.0
213.00	3	500.0
214.00	2	500.0
215.00	4	500.0
216.00	4	500.0
217.00	3	500.0
218.00	4	500.0
219.00	2	500.0
220.00	2	500.0
221.00	3	500.0
222.00	5	500.0
223.00	3	500.0
224.00	4	500.0
225.00	3	500.0
226.00	7	500.0
227.00	3	500.0
228.00	6	500.0
229.00	5	500.0
230.00	8	500.0
231.00	8	500.0
232.00	5	500.0
233.00	5	500.0
234.00	7	500.0
235.00	5	500.0
236.00	4	500.0
237.00	5	500.0
238.00	2	500.0
239.00	1	500.0
240.00	5	500.0
241.00	2	500.0
242.00	5	500.0
243.00	2	500.0
244.00	6	500.0
245.00	1	500.0
246.00	5	500.0
247.00	2	500.0
248.00	3	500.0
249.00	0	500.0
250.00	3	500.0
251.00	4	500.0
252.00	6	500.0
253.00	1	500.0
254.00	3	500.0
255.00	4	500.0
256.00	3	500.0
257.00	4	500.0
258.00	1	500.0
259.00	5	500.0
260.00	3	500.0
261.00	3	500.0
262.00	3	500.0
263.00	3	500.0
264.00	2	500.0
265.00	3	500.0
266.00	4	500.0
267.00	4	500.0
268.00	3	500.0
269.00	5	500.0
270.00	3	500.0
271.00	2	500.0
272.00	4	500.0
273.00	6	500.0
274.00	4	500.0
275.00	1	500.0
276.00	2	500.0
277.00	3	500.0
278.00	6	500.0
279.00	2	500.0
280.00	5	500.0
281.00	1	500.0
282.00	4	500.0
283.00	3	500.0
284.00	1	500.0
285.00	2	500.0
286.00	3	500.0
287.00	2	500.0
288.00	2	500.0
289.00	0	500.0
290.00	2	500.0
291.00	1	500.0
292.00	2	500.0
293.00	3	500.0
294.00	2	500.0
295.00	4	500.0
296.00	4	500.0
297.00	1	500.0
298.00	4	500.0
299.00	2	500.0
300.00	2	500.0
301.00	7	500.0
302.00	3	500.0
303.00	2	500.0
304.00	1	500.0
305.00	3	500.0
306.00	4	500.0
307.00	1	500.0
308.00	1	500.0
309.00	1	500.0
310.00	4	500.0
311.00	2	500.0
312.00	1	500.0
313.00	4	500.0
314.00	4	500.0
315.00	3	500.0
316.00	2	500.0
317.00	1	500.0
318.00	7	500.0
319.00	4	500.0
320.00	2	500.0
321.00	4	500.0
322.00	2	500.0
323.00	3	500.0
324.00	6	500.0
325.00	2	500.0
326.00	2	500.0
327.00	1	500.0
328.00	4	500.0
329.00	4	500.0
330.00	6	500.0
331.00	2	500.0
332.00	4	500.0
333.00	5	500.0
334.00	2	500.0
335.00	1	500.0
336.00	3	500.0
337.00	1	500.0
338.00	4	500.0
339.00	4	500.0
340.00	0	500.0
341.00	6	500.0
342.00	1	500.0
343.00	4	500.0
344.00	2	500.0
345.00	4	500.0
346.00	2	500.0
347.00	4	500.0
348.00	6	500.0
349.00	3	500.0
350.00	3	500.0
351.00	2	500.0
352.00	2	500.0
353.00	4	500.0
354.00	5	500.0
355.00	2	500.0
356.00	2	500.0
357.00	2	500.0
358.00	3	500.0
359.00	5	500.0
360.00	3	500.0
361.00	3	500.0
362.00	6	500.0
363.00	3	500.0
364.00	4	500.0
365.00	6	500.0
366.00	3	500.0
367.00	4	500.0
368.00	9	500.0
369.00	2	500.0
370.00	4	500.0
371.00	0	500.0
372.00	2	500.0
373.00	7	500.0
374.00	4	500.0
375.00	4	500.0
376.00	4	500.0
377.00	3	500.0
378.00	1	500.0
379.00	3	500.0
380.00	5	500.0
381.00	1	500.0
382.00	5	500.0
383.00	6	500.0
384.00	5	500.0
385.00	1	500.0
386.00	7	500.0
387.00	2	500.0
388.00	0	500.0
389.00	4	500.0
390.00	7	500.0
391.00	2	500.0
392.00	4	500.0
393.00	1	500.0
394.00	3	500.0
395.00	2	500.0
396.00	7	500.0
397.00	5	500.0
398.00	6	500.0
399.00	4	500.0
400.00	4	500.0
401.00	5	500.0
402.00	3	500.0
403.00	0	500.0
404.00	3	500.0
405.00	5	500.0
406.00	3	500.0
407.00	6	500.0
408.00	3	500.0
409.00	4	500.0
410.00	6	500.0
411.00	1	500.0
412.00	4	500.0
413.00	0	500.0
414.00	2	500.0
415.00	4	500.0
416.00	7	500.0
417.00	1	500.0
418.00	3	500.0
419.00	4	500.0
420.00	4	500.0
421.00	3	500.0
422.00	8	500.0
423.00	1	500.0
424.00	3	500.0
425.00	6	500.0
426.00	3	500.0
427.00	1	500.0
428.00	5	500.0
429.00	1	500.0
430.00	6	500.0
431.00	4	500.0
432.00	4	500.0
433.00	2	500.0
434.00	5	500.0
435.00	1	500.0
436.00	3	500.0
437.00	2	500.0
438.00	2	500.0
439.00	5	500.0
440.00	4	500.0
441.00	1	500.0
442.00	4	500.0
443.00	3	500.0
444.00	2	500.0
445.00	6	500.0
446.00	6	500.0
447.00	1	500.0
448.00	3	500.0
449.00	6	500.0
450.00	9	500.0
451.00	4	500.0
452.00	3	500.0
453.00	6	500.0
454.00	2	500.0
455.00	4	500.0
456.00	5	500.0
457.00	4	500.0
458.00	2	500.0
459.00	4	500.0
460.00	6	500.0
461.00	5	500.0
462.00	1	500.0
463.00	3	500.0
464.00	6	500.0
465.00	5	500.0
466.00	3	500.0
467.00	5	500.0
468.00	3	500.0
469.00	3	500.0
470.00	7	500.0
471.00	5	500.0
472.00	3	500.0
473.00	3	500.0
474.00	1	500.0
475.00	3	500.0
476.00	4	500.0
477.00	2	500.0
478.00	2	500.0
479.00	5	500.0
480.00	2	500.0
481.00	4	500.0
482.00	1	500.0
483.00	2	500.0
484.00	1	500.0
485.00	3	500.0
486.00	1	500.0
487.00	3	500.0
488.00	3	500.0
489.00	6	500.0
490.00	4	500.0
491.00	3	500.0
492.00	6	500.0
493.00	4	500.0
494.00	2	500.0
495.00	4	500.0
496.00	2	500.0
497.00	4	500.0
498.00	4	500.0
499.00	3	500.0
500.00	2	500.0
501.00	2	500.0
502.00	6	500.0
503.00	10	500.0
504.00	2	500.0
505.00	4	500.0
506.00	7	500.0
507.00	2	500.0
508.00	7	500.0
509.00	8	500.0
510.00	3	500.0
511.00	1	500.0
512.00	3	500.0
513.00	3	500.0
514.00	0	500.0
515.00	6	500.0
516.00	1	500.0
517.00	6	500.0
518.00	4	500.0
519.00	3	500.0
520.00	4	500.0
521.00	3	500.0
522.00	6	500.0
523.00	3	500.0
524.00	5	500.0
525.00	5	500.0
526.00	3	500.0
527.00	3	500.0
528.00	4	500.0
529.00	2	500.0
530.00	2	500.0
531.00	5	500.0
532.00	2	500.0
533.00	4	500.0
534.00	3	500.0
535.00	2	500.0
536.00	6	500.0
537.00	5	500.0
538.00	4	500.0
539.00	1	500.0
540.00	4	500.0
541.00	2	500.0
542.00	4	500.0
543.00	3	500.0
544.00	1	500.0
545.00	3	500.0
546.00	4	500.0
547.00	4	500.0
548.00	2	500.0
549.00	2	500.0
550.00	3	500.0
551.00	5	500.0
552.00	6	500.0
553.00	2	500.0
554.00	4	500.0
555.00	2	500.0
556.00	5	500.0
557.00	1	500.0
558.00	3	500.0
559.00	5	500.0
560.00	1	500.0
561.00	8	500.0
562.00	4	500.0
563.00	3	500.0
564.00	4	500.0
565.00	4	500.0
566.00	6	500.0
567.00	2	500.0
568.00	2	500.0
569.00	4	500.0
570.00	2	500.0
571.00	2	500.0
572.00	0	500.0
573.00	4	500.0
574.00	8	500.0
575.00	5	500.0
576.00	2	500.0
577.00	2	500.0
578.00	9	500.0
579.00	2	500.0
580.00	2	500.0
581.00	2	500.0
582.00	3	500.0
583.00	2	500.0
584.00	3	500.0
585.00	8	500.0
586.00	2	500.0
587.00	4	500.0
588.00	2	500.0
589.00	3	500.0
590.00	6	500.0
591.00	1	500.0
592.00	4	500.0
593.00	8	500.0
594.00	5	500.0
595.00	5	500.0
596.00	5	500.0
597.00	1	500.0
598.00	4	500.0
599.00	7	500.0
600.00	3	500.0
601.00	1	500.0
602.00	4	500.0
603.00	7	500.0
604.00	2	500.0
605.00	1	500.0
606.00	6	500.0
607.00	3	500.0
608.00	5	500.0
609.00	3	500.0
610.00	5	500.0
611.00	4	500.0
612.00	2	500.0
613.00	2	500.0
614.00	6	500.0
615.00	4	500.0
616.00	2	500.0
617.00	4	500.0
618.00	2	500.0
619.00	1	500.0
620.00	4	500.0
621.00	1	500.0
622.00	4	500.0
623.00	10	500.0
624.00	2	500.0
625.00	7	500.0
626.00	5	500.0
627.00	1	500.0
628.00	2	500.0
629.00	3	500.0
630.00	11	500.0
631.00	5	500.0
632.00	1	500.0
633.00	4	500.0
634.00	3	500.0
635.00	6	500.0
636.00	6	500.0
637.00	3	500.0
638.00	5	500.0
639.00	1	500.0
640.00	5	500.0
641.00	2	500.0
642.00	3	500.0
643.00	5	500.0
644.00	4	500.0
645.00	6	500.0
646.00	4	500.0
647.00	5	500.0
648.00	2	500.0
649.00	1	500.0
650.00	1	500.0
651.00	2	500.0
652.00	4	500.0
653.00	5	500.0
654.00	8	500.0
655.00	2	500.0
656.00	4	500.0
657.00	1	500.0
658.00	3	500.0
659.00	2	500.0
660.00	4	500.0
661.00	5	500.0
662.00	5	500.0
663.00	5	500.0
664.00	2	500.0
665.00	6	500.0
666.00	6	500.0
667.00	2	500.0
668.00	4	500.0
669.00	5	500.0
670.00	4	500.0
671.00	3	500.0
672.00	2	500.0
673.00	0	500.0
674.00	4	500.0
675.00	4	500.0
676.00	0	500.0
677.00	5	500.0
678.00	0	500.0
679.00	2	500.0
680.00	3	500.0
681.00	4	500.0
682.00	3	500.0
683.00	4	500.0
684.00	3	500.0
685.00	5	500.0
686.00	5	500.0
687.00	5	500.0
688.00	2	500.0
689.00	7	500.0
690.00	1	500.0
691.00	2	500.0
692.00	5	500.0
693.00	5	500.0
694.00	3	500.0
695.00	3	500.0
696.00	5	500.0
697.00	2	500.0
698.00	2	500.0
699.00	2	500.0
700.00	4	500.0
701.00	2	500.0
702.00	1	500.0
703.00	3	500.0
704.00	4	500.0
705.00	2	500.0
706.00	3	500.0
707.00	3	500.0
708.00	2	500.0
709.00	2	500.0
710.00	3	500.0
711.00	1	500.0
712.00	1	500.0
713.00	0	500.0
714.00	3	500.0
715.00	5	500.0
716.00	3	500.0
717.00	5	500.0
718.00	5	500.0
719.00	4	500.0
720.00	4	500.0
721.00	5	500.0
722.00	9	500.0
723.00	3	500.0
724.00	6	500.0
725.00	4	500.0
726.00	2	500.0
727.00	6	500.0
728.00	7	500.0
729.00	5	500.0
730.00	5	500.0
731.00	2	500.0
732.00	5	500.0
733.00	2	500.0
734.00	3	500.0
735.00	2	500.0
736.00	6	500.0
737.00	5	500.0
738.00	3	500.0
739.00	5	500.0
740.00	3	500.0
741.00	1	500.0
742.00	2	500.0
743.00	2	500.0
744.00	2	500.0
745.00	3	500.0
746.00	2	500.0
747.00	2	500.0
748.00	3	500.0
749.00	4	500.0
750.00	3	500.0
751.00	6	500.0
752.00	3	500.0
753.00	1	500.0
754.00	5	500.0
755.00	2	500.0
756.00	1	500.0
757.00	5	500.0
758.00	3	500.0
759.00	4	500.0
760.00	2	500.0
761.00	5	500.0
762.00	3	500.0
763.00	1	500.0
764.00	1	500.0
765.00	0	500.0
766.00	2	500.0
767.00	5	500.0
768.00	4	500.0
769.00	8	500.0
770.00	3	500.0
771.00	3	500.0
772.00	4	500.0
773.00	4	500.0
774.00	0	500.0
775.00	5	500.0
776.00	8	500.0
777.00	5	500.0
778.00	8	500.0
779.00	8	500.0
780.00	5	500.0
781.00	4	500.0
782.00	10	500.0
783.00	3	500.0
784.00	4	500.0
785.00	6	500.0
786.00	3	500.0
787.00	6	500.0
788.00	4	500.0
789.00	3	500.0
790.00	4	500.0
791.00	2	500.0
792.00	3	500.0
793.00	6	500.0
794.00	1	500.0
795.00	4	500.0
796.00	2	500.0
797.00	2	500.0
798.00	2	500.0
799.00	6	500.0
800.00	4	500.0
801.00	2	500.0
802.00	3	500.0
803.00	3	500.0
804.00	2	500.0
805.00	2	500.0
806.00	4	500.0
807.00	1	500.0
808.00	4	500.0
809.00	2	500.0
810.00	5	500.0
811.00	3	500.0
812.00	5	500.0
813.00	5	500.0
814.00	5	500.0
815.00	3	500.0
816.00	2	500.0
817.00	3	500.0
818.00	1	500.0
819.00	6	500.0
820.00	7	500.0
821.00	2	500.0
822.00	3	500.0
823.00	3	500.0
824.00	4	500.0
825.00	2	500.0
826.00	3	500.0
827.00	2	500.0
828.00	1	500.0
829.00	5	500.0
830.00	6	500.0
831.00	4	500.0
832.00	6	500.0
833.00	4	500.0
834.00	0	500.0
835.00	1	500.0
836.00	3	500.0
837.00	2	500.0
838.00	3	500.0
839.00	6	500.0
840.00	3	500.0
841.00	2	500.0
842.00	2	500.0
843.00	4	500.0
844.00	5	500.0
845.00	3	500.0
846.00	4	500.0
847.00	4	500.0
848.00	2	500.0
849.00	2	500.0
850.00	2	500.0
851.00	4	500.0
852.00	0	500.0
853.00	5	500.0
854.00	2	500.0
855.00	5	500.0
856.00	3	500.0
857.00	3	500.0
858.00	4	500.0
859.00	3	500.0
860.00	2	500.0
861.00	1	500.0
862.00	1	500.0
863.00	5	500.0
864.00	7	500.0
865.00	3	500.0
866.00	1	500.0
867.00	3	500.0
868.00	2	500.0
869.00	3	500.0
870.00	2	500.0
871.00	3	500.0
872.00	4	500.0
873.00	1	500.0
874.00	2	500.0
875.00	1	500.0
876.00	3	500.0
877.00	2	500.0
878.00	2	500.0
879.00	3	500.0
880.00	5	500.0
881.00	7	500.0
882.00	6	500.0
883.00	4	500.0
884.00	2	500.0
885.00	2	500.0
886.00	1	500.0
887.00	1	500.0
888.00	3	500.0
889.00	1	500.0
890.00	2	500.0
891.00	3	500.0
892.00	5	500.0
893.00	1	500.0
894.00	3	500.0
895.00	3	500.0
896.00	4	500.0
897.00	2	500.0
898.00	5	500.0
899.00	4	500.0
900.00	5	500.0
901.00	6	500.0
902.00	3	500.0
903.00	1	500.0
904.00	1	500.0
905.00	4	500.0
906.00	0	500.0
907.00	3	500.0
908.00	1	500.0
909.00	4	500.0
910.00	6	500.0
911.00	2	500.0
912.00	5	500.0
913.00	4	500.0
914.00	4	500.0
915.00	4	500.0
916.00	3	500.0
917.00	4	500.0
918.00	2	500.0
919.00	3	500.0
920.00	2	500.0
921.00	4	500.0
922.00	6	500.0
923.00	3	500.0
924.00	0	500.0
925.00	3	500.0
926.00	3	500.0
927.00	1	500.0
928.00	1	500.0
929.00	5	500.0
930.00	3	500.0
931.00	4	500.0
932.00	4	500.0
933.00	1	500.0
934.00	1	500.0
935.00	3	500.0
936.00	4	500.0
937.00	2	500.0
938.00	2	500.0
939.00	3	500.0
940.00	1	500.0
941.00	4	500.0
942.00	1	500.0
943.00	3	500.0
944.00	2	500.0
945.00	3	500.0
946.00	3	500.0
947.00	3	500.0
948.00	0	500.0
949.00	1	500.0
950.00	1	500.0
951.00	2	500.0
952.00	2	500.0
953.00	5	500.0
954.00	4	500.0
955.00	3	500.0
956.00	3	500.0
957.00	4	500.0
958.00	2	500.0
959.00	2	500.0
960.00	2	500.0
961.00	6	500.0
962.00	2	500.0
963.00	7	500.0
964.00	4	500.0
965.00	1	500.0
966.00	5	500.0
967.00	5	500.0
968.00	0	500.0
969.00	3	500.0
970.00	5	500.0
971.00	4	500.0
972.00	8	500.0
973.00	3	500.0
974.00	4	500.0
975.00	3	500.0
976.00	3	500.0
977.00	2	500.0
978.00	4	500.0
979.00	5	500.0
980.00	4	500.0
981.00	8	500.0
982.00	0	500.0
983.00	3	500.0
984.00	2	500.0
985.00	2	500.0
986.00	3	500.0
987.00	3	500.0
988.00	1	500.0
989.00	3	500.0
990.00	3	500.0
991.00	3	500.0
992.00	3	500.0
993.00	3	500.0
994.00	0	500.0
995.00	5	500.0
996.00	0	500.0
997.00	4	500.0
998.00	3	500.0
999.00	1	500.0
1000.00	4	500.0
1001.00	3	500.0
1002.00	4	500.0
1003.00	1	500.0
1004.00	1	500.0
1005.00	4	500.0
1006.00	3	500.0
1007.00	0	500.0
1008.00	5	500.0
1009.00	1	500.0
1010.00	4	500.0
1011.00	3	500.0
1012.00	5	500.0
1013.00	1	500.0
1014.00	4	500.0
1015.00	4	500.0
1016.00	4	500.0
1017.00	4	500.0
1018.00	4	500.0
1019.00	3	500.0
1020.00	7	500.0
1021.00	7	500.0
1022.00	4	500.0
1023.00	4	500.0
